//Parameters to model Q. havardii
18 samples to simulate
//Population effective sizes (number of genes 2*diploids)
2000
2000
2000
2000
1500
1000
1000
1000
400
400
200
200
200
200
200
100
100
100
//Sample sizes (number of genes 2*diploids)
2000
2000
2000
2000
1500
1000
1000
1000
400
400
200
200
200
200
200
100
100
100
//Growth rates	: negative growth implies population expansion
0
0
0
0
0
0
0
0
0
0
0
0
0
0
0
0
0
0
//Number of migration matrices : 0 implies no migration between demes
2
//Migration rates matrix 0
0 0.002 0.002 0.002 0.002 0.002 0.002 0.002 0.002 0.002 0.002 0.002 0.002 0.002 0.002 0.002 0.002 0.002
0.002 0 0.002 0.002 0.002 0.002 0.002 0.002 0.002 0.002 0.002 0.002 0.002 0.002 0.002 0.002 0.002 0.002
0.002 0.002 0 0.002 0.002 0.002 0.002 0.002 0.002 0.002 0.002 0.002 0.002 0.002 0.002 0.002 0.002 0.002
0.002 0.002 0.002 0 0.002 0.002 0.002 0.002 0.002 0.002 0.002 0.002 0.002 0.002 0.002 0.002 0.002 0.002
0.002 0.002 0.002 0.002 0 0.002 0.002 0.002 0.002 0.002 0.002 0.002 0.002 0.002 0.002 0.002 0.002 0.002
0.002 0.002 0.002 0.002 0.002 0 0.002 0.002 0.002 0.002 0.002 0.002 0.002 0.002 0.002 0.002 0.002 0.002
0.002 0.002 0.002 0.002 0.002 0.002 0 0.002 0.002 0.002 0.002 0.002 0.002 0.002 0.002 0.002 0.002 0.002
0.002 0.002 0.002 0.002 0.002 0.002 0.002 0 0.002 0.002 0.002 0.002 0.002 0.002 0.002 0.002 0.002 0.002
0.002 0.002 0.002 0.002 0.002 0.002 0.002 0.002 0 0.002 0.002 0.002 0.002 0.002 0.002 0.002 0.002 0.002
0.002 0.002 0.002 0.002 0.002 0.002 0.002 0.002 0.002 0 0.002 0.002 0.002 0.002 0.002 0.002 0.002 0.002
0.002 0.002 0.002 0.002 0.002 0.002 0.002 0.002 0.002 0.002 0 0.002 0.002 0.002 0.002 0.002 0.002 0.002
0.002 0.002 0.002 0.002 0.002 0.002 0.002 0.002 0.002 0.002 0.002 0 0.002 0.002 0.002 0.002 0.002 0.002
0.002 0.002 0.002 0.002 0.002 0.002 0.002 0.002 0.002 0.002 0.002 0.002 0 0.002 0.002 0.002 0.002 0.002
0.002 0.002 0.002 0.002 0.002 0.002 0.002 0.002 0.002 0.002 0.002 0.002 0.002 0 0.002 0.002 0.002 0.002
0.002 0.002 0.002 0.002 0.002 0.002 0.002 0.002 0.002 0.002 0.002 0.002 0.002 0.002 0 0.002 0.002 0.002
0.002 0.002 0.002 0.002 0.002 0.002 0.002 0.002 0.002 0.002 0.002 0.002 0.002 0.002 0.002 0 0.002 0.002
0.002 0.002 0.002 0.002 0.002 0.002 0.002 0.002 0.002 0.002 0.002 0.002 0.002 0.002 0.002 0.002 0 0.002
0.002 0.002 0.002 0.002 0.002 0.002 0.002 0.002 0.002 0.002 0.002 0.002 0.002 0.002 0.002 0.002 0.002 0
//Migration rates matrix 1
0 0 0 0 0 0 0 0 0 0 0 0 0 0 0 0 0 0
0 0	0 0 0 0 0 0 0 0 0 0 0 0 0 0 0 0
0 0 0 0 0 0 0 0 0 0 0 0 0 0 0 0 0 0
0 0 0 0 0 0 0 0 0 0 0 0 0 0 0 0 0 0
0 0 0 0 0 0 0 0 0 0 0 0 0 0 0 0 0 0
0 0 0 0 0 0 0 0 0 0 0 0 0 0 0 0 0 0
0 0 0 0 0 0 0 0 0 0 0 0 0 0 0 0 0 0
0 0 0 0 0 0 0 0 0 0 0 0 0 0 0 0 0 0
0 0 0 0 0 0 0 0 0 0 0 0 0 0 0 0 0 0
0 0 0 0 0 0 0 0 0 0 0 0 0 0 0 0 0 0
0 0 0 0 0 0 0 0 0 0 0 0 0 0 0 0 0 0
0 0 0 0 0 0 0 0 0 0 0 0 0 0 0 0 0 0
0 0 0 0 0 0 0 0 0 0 0 0 0 0 0 0 0 0
0 0 0 0 0 0 0 0 0 0 0 0 0 0 0 0 0 0
0 0 0 0 0 0 0 0 0 0 0 0 0 0 0 0 0 0
0 0 0 0 0 0 0 0 0 0 0 0 0 0 0 0 0 0
0 0 0 0 0 0 0 0 0 0 0 0 0 0 0 0 0 0
0 0 0 0 0 0 0 0 0 0 0 0 0 0 0 0 0 0
//historical event: time, source, sink, migrants, new deme size, new growth rate, migration matrix index
18 historical events
10000 0 0 0 1.00 0 1
10000 1 0 1 1.00 0 1
10000 2 0 1 1.00 0 1
10000 3 0 1 1.00 0 1
10000 4 0 1 1.00 0 1
10000 5 0 1 1.00 0 1
10000 6 0 1 1.00 0 1
10000 7 0 1 1.00 0 1
10000 8 0 1 1.00 0 1
10000 9 0 1 1.00 0 1
10000 10 0 1 1.00 0 1
10000 11 0 1 1.00 0 1
10000 12 0 1 1.00 0 1
10000 13 0 1 1.00 0 1
10000 14 0 1 1.00 0 1
10000 15 0 1 1.00 0 1
10000 16 0 1 1.00 0 1
10000 17 0 1 1.00 0 1
//Number of independent loci [chromosome] (Number of sequences of 300 bp per gamete)
20 0
// Chromosome structure 1 begins with number of loci
1
//per block: data type, number of loci, per generation recombination and mutation rates and optional parameters
MICROSAT      1        0.0005          0.0025           0        20